,wall_time,step,value
0,1574334529.8855584,28,0.004000000189989805
1,1574334530.162074,57,0.0
2,1574334530.4425237,86,0.019999999552965164
3,1574334530.7218268,115,0.003000000026077032
4,1574334531.0349143,144,0.012000000104308128
5,1574334531.3106165,173,0.013000000268220901
6,1574334531.5844822,202,0.009999999776482582
7,1574334531.863839,231,0.01899999938905239
8,1574334532.1874654,260,0.012000000104308128
9,1574334532.469031,289,0.013000000268220901
10,1574334532.7439263,318,0.008999999612569809
11,1574334533.0256271,347,0.010999999940395355
12,1574334533.3486698,376,3.007999897003174
13,1574334533.6378343,405,2.000999927520752
14,1574334533.9188125,434,5.001999855041504
15,1574334534.202303,463,0.009999999776482582
16,1574334534.5296845,492,12.0
17,1574334534.8118448,521,4.006999969482422
18,1574334535.0940611,550,12.0
19,1574334535.3784804,579,6.005000114440918
20,1574334535.6971438,608,12.0
21,1574334535.964312,637,12.0
22,1574334536.2443717,666,0.02199999988079071
23,1574334536.5186217,695,12.0
24,1574334536.832076,724,0.028999999165534973
25,1574334537.102344,753,0.023000000044703484
26,1574334537.3846521,782,1.0099999904632568
27,1574334537.653829,811,0.017000000923871994
28,1574334537.9761941,840,12.0
29,1574334538.2558453,869,12.0
30,1574334538.5348935,898,0.007000000216066837
31,1574334538.8168786,927,0.020999999716877937
32,1574334539.125608,956,3.007999897003174
33,1574334539.4018953,985,12.0
34,1574334539.6784148,1014,0.014000000432133675
35,1574334539.9504433,1043,12.0
36,1574334540.2546566,1072,0.0
37,1574334540.5172741,1101,12.0
38,1574334540.798257,1130,12.0
39,1574334541.0840096,1159,12.0
40,1574334541.4109032,1188,12.0
41,1574334541.6920288,1217,12.0
42,1574334541.9768426,1246,12.0
43,1574334542.252775,1275,12.0
44,1574334542.5591552,1304,12.0
45,1574334542.835437,1333,12.0
46,1574334543.1120694,1362,0.028999999165534973
47,1574334543.3832293,1391,12.0
48,1574334543.7024958,1420,12.0
49,1574334543.9748168,1449,12.0
50,1574334544.2626767,1478,0.028999999165534973
51,1574334544.5346165,1507,0.01600000075995922
52,1574334544.8510542,1536,0.028999999165534973
53,1574334545.1174083,1565,8.003000259399414
54,1574334545.3968341,1594,0.028999999165534973
55,1574334545.6751854,1623,0.028999999165534973
56,1574334545.985616,1652,11.0
57,1574334546.2701364,1681,12.0
58,1574334546.5573921,1710,12.0
59,1574334546.8344457,1739,12.0
60,1574334547.1542573,1768,12.0
61,1574334547.4317048,1797,0.02800000086426735
62,1574334547.7166398,1826,12.0
63,1574334548.0077684,1855,0.028999999165534973
64,1574334548.3233566,1884,12.0
65,1574334548.609478,1913,12.0
66,1574334548.898835,1942,0.028999999165534973
67,1574334549.1803892,1971,0.020999999716877937
68,1574334549.5036507,2000,12.0
69,1574334549.7778993,2029,12.0
70,1574334550.03579,2058,12.0
71,1574334550.3055449,2087,12.0
72,1574334550.6145613,2116,12.0
73,1574334550.8931046,2145,0.012000000104308128
74,1574334551.1769056,2174,12.0
75,1574334551.4587722,2203,12.0
76,1574334551.775106,2232,12.0
77,1574334552.0467231,2261,10.0
78,1574334552.3295405,2290,1.0099999904632568
79,1574334552.6108818,2319,12.0
80,1574334552.9290712,2348,12.0
81,1574334553.2090385,2377,8.003000259399414
82,1574334553.4817579,2406,12.0
83,1574334553.7664106,2435,12.0
84,1574334554.0830824,2464,12.0
85,1574334554.370716,2493,10.0
86,1574334554.6424062,2522,12.0
87,1574334554.9159677,2551,12.0
88,1574334555.2420833,2580,0.012000000104308128
89,1574334555.5266435,2609,0.028999999165534973
90,1574334555.8062625,2638,0.028999999165534973
91,1574334556.0804782,2667,12.0
92,1574334556.4019582,2696,12.0
93,1574334556.6764731,2725,12.0
94,1574334556.9559903,2754,12.0
95,1574334557.2403545,2783,12.0
96,1574334557.5602496,2812,0.012000000104308128
97,1574334557.8415709,2841,12.0
98,1574334558.122,2870,12.0
99,1574334558.39291,2899,12.0
100,1574334558.712733,2928,0.028999999165534973
101,1574334558.9966373,2957,10.0
102,1574334559.2759218,2986,12.0
103,1574334559.5426836,3015,12.0
104,1574334559.867862,3044,12.0
105,1574334560.145507,3073,6.0
106,1574334560.424469,3102,12.0
107,1574334560.7054539,3131,12.0
108,1574334561.0277832,3160,11.0
109,1574334561.3022628,3189,12.0
110,1574334561.5818088,3218,5.00600004196167
111,1574334561.8571672,3247,12.0
112,1574334562.1699295,3276,0.028999999165534973
113,1574334562.4475338,3305,12.0
114,1574334562.7235081,3334,0.008999999612569809
115,1574334563.0087376,3363,12.0
116,1574334563.3276227,3392,0.02199999988079071
117,1574334563.6100824,3421,12.0
118,1574334563.891494,3450,12.0
119,1574334564.1704614,3479,12.0
120,1574334564.4718397,3508,12.0
121,1574334564.7529778,3537,12.0
122,1574334565.0342555,3566,12.0
123,1574334565.3110247,3595,12.0
124,1574334565.6313293,3624,12.0
125,1574334565.904805,3653,12.0
126,1574334566.1842022,3682,0.02199999988079071
127,1574334566.4611924,3711,12.0
128,1574334566.788327,3740,12.0
129,1574334567.0590346,3769,12.0
130,1574334567.3381305,3798,12.0
131,1574334567.6182368,3827,0.028999999165534973
132,1574334567.9450336,3856,0.013000000268220901
133,1574334568.2279403,3885,11.0
134,1574334568.5041275,3914,0.014000000432133675
135,1574334568.7849128,3943,0.013000000268220901
136,1574334569.1009676,3972,0.027000000700354576
137,1574334569.3807058,4001,12.0
138,1574334569.6631904,4030,12.0
139,1574334569.943678,4059,12.0
140,1574334570.253533,4088,12.0
141,1574334570.5323806,4117,10.0
142,1574334570.8149014,4146,12.0
143,1574334571.0900948,4175,12.0
144,1574334571.4048004,4204,12.0
145,1574334571.6890354,4233,12.0
146,1574334571.9580348,4262,12.0
147,1574334572.2311301,4291,0.026000000536441803
148,1574334572.545022,4320,4.0
149,1574334572.8341389,4349,12.0
150,1574334573.104768,4378,12.0
151,1574334573.380466,4407,12.0
152,1574334573.6917336,4436,12.0
153,1574334573.976345,4465,0.028999999165534973
154,1574334574.2449148,4494,0.007000000216066837
155,1574334574.5259836,4523,12.0
156,1574334574.84297,4552,12.0
157,1574334575.121692,4581,0.010999999940395355
158,1574334575.4079888,4610,0.028999999165534973
159,1574334575.6791742,4639,12.0
160,1574334575.9908152,4668,12.0
161,1574334576.2697732,4697,0.02800000086426735
162,1574334576.529834,4726,12.0
163,1574334576.815905,4755,12.0
164,1574334577.14142,58000,12.0
